Circulation

Houdini: 4.19, C++: 4.2 (konstant)

___________________________________________________________________

1/pointLengths

Houdini: 
(1. Frame)
(0, 0)	9.936843339703573
  (1, 1)	9.812202867328905
  (2, 2)	9.859555012282414
  (3, 3)	9.86970533040762
  (4, 4)	9.665986200062367
  (5, 5)	9.801472494982885
  (6, 6)	9.917643299883812
  (7, 7)	9.788383554770514
  (8, 8)	9.886695753186418
  (9, 9)	9.829531996649612

(2. Frame)
 (0, 0)	9.936843339703573
  (1, 1)	9.812202867328905
  (2, 2)	9.859555012282414
  (3, 3)	9.86970533040762
  (4, 4)	9.665986200062367
  (5, 5)	9.801472494982885
  (6, 6)	9.917643299883812
  (7, 7)	9.788383554770514
  (8, 8)	9.886695753186418
  (9, 9)	9.829531996649612
  (10, 10)	9.663994322757242

(11. Frame)
 (0, 0)	9.936843339703573
  (1, 1)	9.812202867328905
  (2, 2)	9.859555012282414
  (3, 3)	9.86970533040762
  (4, 4)	9.665986200062367
  (5, 5)	9.801472494982885
  (6, 6)	9.917643299883812
  (7, 7)	9.788383554770514
  (8, 8)	9.886695753186418
  (9, 9)	9.829531996649612
  (10, 10)	9.663994322757242

C++
(1. Frame) 9.81572 (überall) ausser letzter vertex: 10.0136
(2. Frame) 9.99328  9.79393 9.79349 9.79347 ...... 9.99333
(6. Frame)  8.65164 (alle weiteren Vertex ähnlich)
(7. Frame) 5.06773 (alle weiteren Vertex ähnlich)
(8. Frame) 1.95547 (alle weiteren Vertex ähnlich)
(9. Frame) 0.668079
...
(n. Frame) 3.35952e-06
(n+1. Frame) 1.71058e-13
(n+2. Frame) -nan

____________________________________________________________________________________

area

Houdini: Werte zwischen 0.036 und ca 0.085
C++: (pro Frame sind jeweils alle Werte ähnlich)
1. Frame  0.0452389
2. Frame  0.131839
3. Frame 0.384197
4. Frame 1.12002
5. Frame 3.26595
6. Frame 9.50777
7. Frame 27.9496
8. Frame  82.4055
17. Frame  1.09217e+06
18. Frame  6.74113e+06
19. Frame -nan

____________________________________________________________________________________

effectiveGravity

(1. Frame)
Houdini: 9.71248436  9.39603138  8.92257404  8.3090477   7.37215185  5.98182821
  4.68874502  3.34608793  1.8395716   0.27313498 -1.28670847 -2.8882916
 -4.65568829 -6.34220886 -7.46060371 -8.24333668 -8.83604336 -9.38441277
 -9.65973663 -9.68443584 -9.50778103 -9.20362949 -8.72561359 -7.62181664
 -5.90138865 -4.45452213 -3.12863612 -1.60996675  0.12018666  1.84124959
  3.27102733  4.47690439  5.91948032  7.10513306  8.05286884  8.85831928
  9.42198944  9.71280479
  
(1. Frame)  
C++: 
9.4831
8.92816
8.11584
7.06954
5.81941
4.40151
2.85671
1.22955
-0.433052
-2.08317
-3.67324
-5.1574
-6.49287
-7.64115
-8.56913
-9.25006
-9.66431
-9.79993
-9.65301
-9.22779
-8.53653
-7.59915
-6.4427
-5.10049
-3.61124
-2.01787
-0.366319
1.29579
2.92054
4.46108
5.87302
7.11563
8.15308
8.95552
9.4997
9.76738
9.7645
9.48276

Auch hier gehen meine Werte gegen 0, während die C++ Werte ähnlich bleiben. 

_________________________________________________________________________________

solution: 

Houdini: 33.67194439 37.25253741 41.52194806 46.5253891  52.30200842 58.68557558  65.28570174 71.40626617 76.29799657 79.5095066  77.45464606 72.64848347
(Werte bleiben in Houdini bei jeder Iteration etwa gleich)

C++: 
16150  16150.2  16150.4  16150.6  16150.8  16150.9  16151.1 ...
(Werte werden immer kleiner (beim 19. Frame ca 0.5)
_________________________________________________________________________________

RHS: 

Houdini: -9.48414517e-05 -1.05528617e-04 -1.14995650e-04 -1.22538379e-04
 -1.00318927e-04 -3.53706698e-05  7.52068710e-05  1.54931470e-04
 (Werte bleiben in diesem Bereich)
 
C++: 
1. Frame  4.58702e-07
...
n. Frame 0.30251
n+1. Frame 3.00109
n+2. Frame 28.3386
n+3. Frame 261.867
n+4. Frame 2254.06
19. Frame 20166.8

___________________________________________________________________________________

LHS: 

Houdini: 
(0, 0)	0.28208849430734867 
  (0, 1)	-0.14093593933463713
  (0, 37)	-0.14114265846559731
  (1, 0)	-0.14093593933463713
(auf Diagonalen Positive Einträge, darüber und in den Ecken negative Einträge. Einträge bleiben über die Iterationen ähnlich)

C++: 

1. Frame: 
0.279725 -0.139858 0 0 0 0 0 0 0 0 0 0 0 0 0 0 0 0 0 0 0 0 0 0 0 0 0 0 0 0 0 0 0 0 0 0 -0.139858 
-0.139858 0.276928 -0.13706 0 0 0 0 0 0 0 0 0 0 0 0 0 0 0 0 0 0 0 0 0 0 0 0 0 0 0 0 0 0 0 0 0 0 
0 -0.13706 0.27413 -0.13706 0 0 0 0 0 0 0 0 0 0 0 0 0 0 0 0 0 0 0 0 0 0 0 0 0 0 0 0 0 0 0 0 0 
0 0 -0.13706 0.27413 -0.13706 0 0 0 0 0 0 0 0 0 0 0 0 0 0 0 0 0 0 0 0 0 0 0 0 0 0 0 0 0 0 0 0 
0 0 0 -0.13706 0.27413 -0.13706 0 0 0 0 0 0 0 0 0 0 0 0 0 0 0 0 0 0 0 0 0 0 0 0 0 0 0 0 0 0 0 
0 0 0 0 -0.13706 0.27413 -0.13706 0 0 0 0 0 0 0 0 0 0 0 0 0 0 0 0 0 0 0 0 0 0 0 0 0 0 0 0 0 0 
0 0 0 0 0 -0.13706 0.27413 -0.13706 0 0 0 0 0 0 0 0 0 0 0 0 0 0 0 0 0 0 0 0 0 0 0 0 0 0 0 0 0 
0 0 0 0 0 0 -0.13706 0.27413 -0.13706 0 0 0 0 0 0 0 0 0 0 0 0 0 0 0 0 0 0 0 0 0 0 0 0 0 0 0 0 
0 0 0 0 0 0 0 -0.13706 0.27413 -0.13706 0 0 0 0 0 0 0 0 0 0 0 0 0 0 0 0 0 0 0 0 0 0 0 0 0 0 0 
0 0 0 0 0 0 0 0 -0.13706 0.27413 -0.13706 0 0 0 0 0 0 0 0 0 0 0 0 0 0 0 0 0 0 0 0 0 0 0 0 0 0 
0 0 0 0 0 0 0 0 0 -0.13706 0.27413 -0.13706 0 0 0 0 0 0 0 0 0 0 0 0 0 0 0 0 0 0 0 0 0 0 0 0 0 
0 0 0 0 0 0 0 0 0 0 -0.13706 0.27413 -0.13706 0 0 0 0 0 0 0 0 0 0 0 0 0 0 0 0 0 0 0 0 0 0 0 0 
0 0 0 0 0 0 0 0 0 0 0 -0.13706 0.27413 -0.13706 0 0 0 0 0 0 0 0 0 0 0 0 0 0 0 0 0 0 0 0 0 0 0 
0 0 0 0 0 0 0 0 0 0 0 0 -0.13706 0.27413 -0.13706 0 0 0 0 0 0 0 0 0 0 0 0 0 0 0 0 0 0 0 0 0 0 
0 0 0 0 0 0 0 0 0 0 0 0 0 -0.13706 0.27413 -0.13706 0 0 0 0 0 0 0 0 0 0 0 0 0 0 0 0 0 0 0 0 0 
0 0 0 0 0 0 0 0 0 0 0 0 0 0 -0.13706 0.27413 -0.13706 0 0 0 0 0 0 0 0 0 0 0 0 0 0 0 0 0 0 0 0 
0 0 0 0 0 0 0 0 0 0 0 0 0 0 0 -0.13706 0.27413 -0.13706 0 0 0 0 0 0 0 0 0 0 0 0 0 0 0 0 0 0 0 
0 0 0 0 0 0 0 0 0 0 0 0 0 0 0 0 -0.13706 0.27413 -0.13706 0 0 0 0 0 0 0 0 0 0 0 0 0 0 0 0 0 0 
0 0 0 0 0 0 0 0 0 0 0 0 0 0 0 0 0 -0.13706 0.27413 -0.13706 0 0 0 0 0 0 0 0 0 0 0 0 0 0 0 0 0 
0 0 0 0 0 0 0 0 0 0 0 0 0 0 0 0 0 0 -0.13706 0.27413 -0.13706 0 0 0 0 0 0 0 0 0 0 0 0 0 0 0 0 
0 0 0 0 0 0 0 0 0 0 0 0 0 0 0 0 0 0 0 -0.13706 0.27413 -0.13706 0 0 0 0 0 0 0 0 0 0 0 0 0 0 0 
0 0 0 0 0 0 0 0 0 0 0 0 0 0 0 0 0 0 0 0 -0.13706 0.27413 -0.13706 0 0 0 0 0 0 0 0 0 0 0 0 0 0 
0 0 0 0 0 0 0 0 0 0 0 0 0 0 0 0 0 0 0 0 0 -0.13706 0.27413 -0.13706 0 0 0 0 0 0 0 0 0 0 0 0 0 
0 0 0 0 0 0 0 0 0 0 0 0 0 0 0 0 0 0 0 0 0 0 -0.13706 0.27413 -0.13706 0 0 0 0 0 0 0 0 0 0 0 0 
0 0 0 0 0 0 0 0 0 0 0 0 0 0 0 0 0 0 0 0 0 0 0 -0.13706 0.27413 -0.13706 0 0 0 0 0 0 0 0 0 0 0 
0 0 0 0 0 0 0 0 0 0 0 0 0 0 0 0 0 0 0 0 0 0 0 0 -0.13706 0.27413 -0.13706 0 0 0 0 0 0 0 0 0 0 
0 0 0 0 0 0 0 0 0 0 0 0 0 0 0 0 0 0 0 0 0 0 0 0 0 -0.13706 0.27413 -0.13706 0 0 0 0 0 0 0 0 0 
0 0 0 0 0 0 0 0 0 0 0 0 0 0 0 0 0 0 0 0 0 0 0 0 0 0 -0.13706 0.27413 -0.13706 0 0 0 0 0 0 0 0 
0 0 0 0 0 0 0 0 0 0 0 0 0 0 0 0 0 0 0 0 0 0 0 0 0 0 0 -0.13706 0.27413 -0.13706 0 0 0 0 0 0 0 
0 0 0 0 0 0 0 0 0 0 0 0 0 0 0 0 0 0 0 0 0 0 0 0 0 0 0 0 -0.13706 0.27413 -0.13706 0 0 0 0 0 0 
0 0 0 0 0 0 0 0 0 0 0 0 0 0 0 0 0 0 0 0 0 0 0 0 0 0 0 0 0 -0.13706 0.27413 -0.13706 0 0 0 0 0 
0 0 0 0 0 0 0 0 0 0 0 0 0 0 0 0 0 0 0 0 0 0 0 0 0 0 0 0 0 0 -0.13706 0.27413 -0.13706 0 0 0 0 
0 0 0 0 0 0 0 0 0 0 0 0 0 0 0 0 0 0 0 0 0 0 0 0 0 0 0 0 0 0 0 -0.13706 0.27413 -0.13706 0 0 0 
0 0 0 0 0 0 0 0 0 0 0 0 0 0 0 0 0 0 0 0 0 0 0 0 0 0 0 0 0 0 0 0 -0.13706 0.27413 -0.13706 0 0 
0 0 0 0 0 0 0 0 0 0 0 0 0 0 0 0 0 0 0 0 0 0 0 0 0 0 0 0 0 0 0 0 0 -0.13706 0.27413 -0.13706 0 
0 0 0 0 0 0 0 0 0 0 0 0 0 0 0 0 0 0 0 0 0 0 0 0 0 0 0 0 0 0 0 0 0 0 -0.13706 0.27413 -0.13706 
-0.139858 0 0 0 0 0 0 0 0 0 0 0 0 0 0 0 0 0 0 0 0 0 0 0 0 0 0 0 0 0 0 0 0 0 0 -0.13706 0.276927 



19. Frame: 
0.141326 -1.01359e-05 0 0 0 0 0 0 0 0 0 0 0 0 0 0 0 0 0 0 0 0 0 0 0 0 0 0 0 0 0 0 0 0 0 0 -1.08822e-05 
-1.01359e-05 0.140664 -9.90485e-06 0 0 0 0 0 0 0 0 0 0 0 0 0 0 0 0 0 0 0 0 0 0 0 0 0 0 0 0 0 0 0 0 0 0 
0 -9.90485e-06 0.151779 -9.55072e-06 0 0 0 0 0 0 0 0 0 0 0 0 0 0 0 0 0 0 0 0 0 0 0 0 0 0 0 0 0 0 0 0 0 
0 0 -9.55072e-06 0.179771 -8.42402e-06 0 0 0 0 0 0 0 0 0 0 0 0 0 0 0 0 0 0 0 0 0 0 0 0 0 0 0 0 0 0 0 0 
0 0 0 -8.42402e-06 0.176505 -7.83925e-06 0 0 0 0 0 0 0 0 0 0 0 0 0 0 0 0 0 0 0 0 0 0 0 0 0 0 0 0 0 0 0 
0 0 0 0 -7.83925e-06 0.167654 -8.11522e-06 0 0 0 0 0 0 0 0 0 0 0 0 0 0 0 0 0 0 0 0 0 0 0 0 0 0 0 0 0 0 
0 0 0 0 0 -8.11522e-06 0.189427 -7.82152e-06 0 0 0 0 0 0 0 0 0 0 0 0 0 0 0 0 0 0 0 0 0 0 0 0 0 0 0 0 0 
0 0 0 0 0 0 -7.82152e-06 0.201525 -7.14382e-06 0 0 0 0 0 0 0 0 0 0 0 0 0 0 0 0 0 0 0 0 0 0 0 0 0 0 0 0 
0 0 0 0 0 0 0 -7.14382e-06 0.199548 -6.96349e-06 0 0 0 0 0 0 0 0 0 0 0 0 0 0 0 0 0 0 0 0 0 0 0 0 0 0 0 
0 0 0 0 0 0 0 0 -6.96349e-06 0.198697 -7.01291e-06 0 0 0 0 0 0 0 0 0 0 0 0 0 0 0 0 0 0 0 0 0 0 0 0 0 0 
0 0 0 0 0 0 0 0 0 -7.01291e-06 0.227068 -6.55958e-06 0 0 0 0 0 0 0 0 0 0 0 0 0 0 0 0 0 0 0 0 0 0 0 0 0 
0 0 0 0 0 0 0 0 0 0 -6.55958e-06 0.237081 -6.01707e-06 0 0 0 0 0 0 0 0 0 0 0 0 0 0 0 0 0 0 0 0 0 0 0 0 
0 0 0 0 0 0 0 0 0 0 0 -6.01707e-06 0.228865 -5.99384e-06 0 0 0 0 0 0 0 0 0 0 0 0 0 0 0 0 0 0 0 0 0 0 0 
0 0 0 0 0 0 0 0 0 0 0 0 -5.99384e-06 0.273881 -5.55508e-06 0 0 0 0 0 0 0 0 0 0 0 0 0 0 0 0 0 0 0 0 0 0 
0 0 0 0 0 0 0 0 0 0 0 0 0 -5.55508e-06 0.235064 -5.48741e-06 0 0 0 0 0 0 0 0 0 0 0 0 0 0 0 0 0 0 0 0 0 
0 0 0 0 0 0 0 0 0 0 0 0 0 0 -5.48741e-06 0.275062 -5.47471e-06 0 0 0 0 0 0 0 0 0 0 0 0 0 0 0 0 0 0 0 0 
0 0 0 0 0 0 0 0 0 0 0 0 0 0 0 -5.47471e-06 0.277086 -5.05802e-06 0 0 0 0 0 0 0 0 0 0 0 0 0 0 0 0 0 0 0 
0 0 0 0 0 0 0 0 0 0 0 0 0 0 0 0 -5.05802e-06 0.233892 -5.46556e-06 0 0 0 0 0 0 0 0 0 0 0 0 0 0 0 0 0 0 
0 0 0 0 0 0 0 0 0 0 0 0 0 0 0 0 0 -5.46556e-06 0.18695 -6.63625e-06 0 0 0 0 0 0 0 0 0 0 0 0 0 0 0 0 0 
0 0 0 0 0 0 0 0 0 0 0 0 0 0 0 0 0 0 -6.63625e-06 0.258435 -6.27058e-06 0 0 0 0 0 0 0 0 0 0 0 0 0 0 0 0 
0 0 0 0 0 0 0 0 0 0 0 0 0 0 0 0 0 0 0 -6.27058e-06 0.168454 -6.5423e-06 0 0 0 0 0 0 0 0 0 0 0 0 0 0 0 
0 0 0 0 0 0 0 0 0 0 0 0 0 0 0 0 0 0 0 0 -6.5423e-06 0.134909 -9.20656e-06 0 0 0 0 0 0 0 0 0 0 0 0 0 0 
0 0 0 0 0 0 0 0 0 0 0 0 0 0 0 0 0 0 0 0 0 -9.20656e-06 0.00152581 -2.04756e-05 0 0 0 0 0 0 0 0 0 0 0 0 0 
0 0 0 0 0 0 0 0 0 0 0 0 0 0 0 0 0 0 0 0 0 0 -2.04756e-05 0.12675 -2.1783e-05 0 0 0 0 0 0 0 0 0 0 0 0 
0 0 0 0 0 0 0 0 0 0 0 0 0 0 0 0 0 0 0 0 0 0 0 -2.1783e-05 0.133114 -1.07497e-05 0 0 0 0 0 0 0 0 0 0 0 
0 0 0 0 0 0 0 0 0 0 0 0 0 0 0 0 0 0 0 0 0 0 0 0 -1.07497e-05 0.0388242 -1.62479e-05 0 0 0 0 0 0 0 0 0 0 
0 0 0 0 0 0 0 0 0 0 0 0 0 0 0 0 0 0 0 0 0 0 0 0 0 -1.62479e-05 0.0470705 -3.25413e-05 0 0 0 0 0 0 0 0 0 
0 0 0 0 0 0 0 0 0 0 0 0 0 0 0 0 0 0 0 0 0 0 0 0 0 0 -3.25413e-05 0.0417645 -3.14765e-05 0 0 0 0 0 0 0 0 
0 0 0 0 0 0 0 0 0 0 0 0 0 0 0 0 0 0 0 0 0 0 0 0 0 0 0 -3.14765e-05 0.0474164 -3.13592e-05 0 0 0 0 0 0 0 
0 0 0 0 0 0 0 0 0 0 0 0 0 0 0 0 0 0 0 0 0 0 0 0 0 0 0 0 -3.13592e-05 0.0502888 -2.86185e-05 0 0 0 0 0 0 
0 0 0 0 0 0 0 0 0 0 0 0 0 0 0 0 0 0 0 0 0 0 0 0 0 0 0 0 0 -2.86185e-05 0.07053 -2.31359e-05 0 0 0 0 0 
0 0 0 0 0 0 0 0 0 0 0 0 0 0 0 0 0 0 0 0 0 0 0 0 0 0 0 0 0 0 -2.31359e-05 0.087114 -1.77254e-05 0 0 0 0 
0 0 0 0 0 0 0 0 0 0 0 0 0 0 0 0 0 0 0 0 0 0 0 0 0 0 0 0 0 0 0 -1.77254e-05 0.0938034 -1.54424e-05 0 0 0 
0 0 0 0 0 0 0 0 0 0 0 0 0 0 0 0 0 0 0 0 0 0 0 0 0 0 0 0 0 0 0 0 -1.54424e-05 0.10321 -1.41795e-05 0 0 
0 0 0 0 0 0 0 0 0 0 0 0 0 0 0 0 0 0 0 0 0 0 0 0 0 0 0 0 0 0 0 0 0 -1.41795e-05 0.110646 -1.30621e-05 0 
0 0 0 0 0 0 0 0 0 0 0 0 0 0 0 0 0 0 0 0 0 0 0 0 0 0 0 0 0 0 0 0 0 0 -1.30621e-05 0.122435 -1.19842e-05 
-1.08822e-05 0 0 0 0 0 0 0 0 0 0 0 0 0 0 0 0 0 0 0 0 0 0 0 0 0 0 0 0 0 0 0 0 0 0 -1.19842e-05 0.13424 



